1912
1917
1918
1925
1929
1938
1941
1943
1946
1953
1962
1966
1971
1979
1983
1984
1985
1986
1993
1997
2005
2020
2030
2033
2037
2040
2043
2045
2046
2059
2063
2064
2069
2073
2074
2077
2078
2083
2084
2086
2088
2090
2093
2095
2098
2103
2104
2108
2109
2112
2115
2118
2121
2122
2123
2124
2131
2139
2140
2142
2150
2154
2165
2172
2184
2188
2190
2200
2201
2206
2212
2216
2218
2220
2229
2233
2237
2240
2244
2253
2257
2261
2266
2271
2275
2276
2278
2290
2299
2306
2307
2308
2309
2323
2324
2326
2329
2331
2334
2339
2340
2347
2348
2352
2354
2356
2359
2363
2369
2370
2374
2376
2381
2386
2395
2404
2408
2409
2410
2414
2418
2423
2428
2430
2433
2446
2460
2464
2467
2468
2469
2477
2482
2484
2485
2489
2492
2495
2500
2504
2506
2507
2520
2521
2526
2532
2539
2542
2543
2546
2549
2550
2551
2552
2553
2556
2559
2560
2561
2563
2564
2573
2575
2578
2579
2586
2590
2593
2600
2601
2602
2604
2607
2611
2615
2619
2623
2624
2625
2630
2631
2638
2646
2654
2655
